1 0 5325
2 5325 14611
3 19936 1332
4 21268 5250
5 26518 2517
6 29035 3104
7 32139 6889
8 39028 6221
9 45249 9219
10 54468 11713
11 66181 2089
12 68270 6518
13 74788 5833
14 80621 10046
15 90667 7724
16 98391 241
17 98632 266
18 98898 227
19 99125 250
20 99375 1239
21 100614 9998
22 110612 3053
23 113665 1970
24 115635 1836
25 117471 1430
26 118901 1510
27 120411 1575
28 121986 1649
29 123635 3471
30 127106 2561
31 129667 15289
32 144956 7984
33 152940 3690
34 156630 3440
35 160070 6166
36 166236 2566
37 168802 3700
38 172502 2771
39 175273 9377
40 184650 1394
41 186044 191
42 186235 1942
43 188177 1412
44 189589 1846
45 191435 8179
46 199614 7530
47 207144 3501
48 210645 1655
49 212300 962
50 213262 4143
51 217405 3772
52 221177 15103
53 236280 4143
54 240423 6520
55 246943 3497
56 250440 3508
57 253948 1226
58 255174 4803
59 259977 772
60 260749 509
61 261258 7801
62 269059 2869
63 271928 3639
64 275567 2745
65 278312 1003
66 279315 250
67 279565 260
68 279825 11873
69 291698 5367
70 297065 1776
71 298841 22681
72 321522 6631
73 328153 9588
74 337741 3786
75 341527 1489
76 343016 3274
77 346290 1789
78 348079 4566
79 352645 1092
80 353737 1836
81 355573 2158
82 357731 222
83 357953 2642
84 360595 372
85 360967 1511
86 362478 1504
87 363982 2678
88 366660 1026
89 367686 340
90 368026 4588
91 372614 1295
92 373909 3929
93 377838 1351
94 379189 3139
95 382328 2634
96 384962 547
97 385509 1249
98 386758 1208
99 387966 601
100 388567 7427
101 395994 3880
102 399874 3727
103 403601 3479
104 407080 7021
105 414101 4934
106 419035 1672
107 420707 1606
108 422313 2049
109 424362 1354
110 425716 1367
111 427083 2309
112 429392 4504
113 433896 1550
114 435446 11570
115 447016 2065
116 449081 828
117 449909 930
118 450839 1071
119 451910 1836
120 453746 727
121 454473 11583
122 466056 1794
123 467850 2976
124 470826 3757
125 474583 961
126 475544 2221
127 477765 1240
128 479005 4774
129 483779 322
130 484101 7067
131 491168 1054
132 492222 1793
133 494015 2578
134 496593 1496
135 498089 1257
136 499346 3551
137 502897 1018
138 503915 3546
139 507461 3007
140 510468 520
141 510988 4848
142 515836 1245
143 517081 2703
144 519784 455
145 520239 4254
146 524493 532
147 525025 1498
148 526523 2137
149 528660 2807
150 531467 3187
151 534654 1387
152 536041 1545
153 537586 1147
154 538733 1462
155 540195 2361
156 542556 602
157 543158 1045
158 544203 1101
159 545304 6705
160 552009 2176
161 554185 1947
162 556132 6705
163 562837 6222
164 569059 3643
165 572702 646
166 573348 1852
167 575200 3096
168 578296 1273
169 579569 2316
170 581885 1128
171 583013 3495
172 586508 4127
173 590635 4343
174 594978 6303
175 601281 3770
176 605051 727
177 605778 4292
178 610070 4096
179 614166 552
180 614718 1014
181 615732 1599
182 617331 3670
183 621001 3604
184 624605 4819
185 629424 2713
186 632137 2094
187 634231 3146
188 637377 817
189 638194 7197
190 645391 962
191 646353 3163
192 649516 2400
193 651916 2689
194 654605 3421
195 658026 2565
196 660591 4086
197 664677 2057
198 666734 1877
199 668611 4451
200 673062 1438
201 674500 4440
202 678940 3897
203 682837 6680
204 689517 4546
205 694063 1816
206 695879 1285
207 697164 2864
208 700028 6459
209 706487 2554
210 709041 3463
211 712504 2728
212 715232 2292
213 717524 10515
214 728039 779
215 728818 9131
216 737949 6829
217 744778 2220
218 746998 2536
219 749534 2406
220 751940 2385
221 754325 1362
222 755687 1151
223 756838 2961
224 759799 10187
225 769986 1292
226 771278 3984
227 775262 1140
228 776402 472
229 776874 10811
230 787685 1851
231 789536 3379
232 792915 3358
233 796273 9708
234 805981 2200
235 808181 1127
236 809308 796
237 810104 1070
238 811174 8537
239 819711 3471
240 823182 6361
241 829543 4830
242 834373 5626
243 839999 1722
244 841721 5376
245 847097 1707
246 848804 1726
247 850530 6818
248 857348 2800
249 860148 1512
250 861660 2082
251 863742 2596
252 866338 3796
253 870134 225
254 870359 246
255 870605 237
256 870842 210
257 871052 251
258 871303 250
259 871553 250
260 871803 249
261 872052 252
262 872304 243
263 872547 225
264 872772 208
265 872980 213
266 873193 235
267 873428 232
268 873660 254
269 873914 229
270 874143 210
271 874353 216
272 874569 231
273 874800 225
274 875025 245
275 875270 246
276 875516 250
277 875766 246
278 876012 210
279 876222 238
280 876460 252
281 876712 232
282 876944 250
283 877194 225
284 877419 244
285 877663 249
286 877912 246
287 878158 253
288 878411 229
289 878640 256
290 878896 248
291 879144 251
292 879395 252
293 879647 246
294 879893 244
295 880137 239
296 880376 231
297 880607 216
298 880823 251
299 881074 243
300 881317 219
301 881536 5680
302 887216 8594
303 895810 2431
304 898241 1655
305 899896 2596
306 902492 3078
307 905570 3002
308 908572 6376
309 914948 6787
310 921735 8140
311 929875 3131
312 933006 2998
313 936004 3040
314 939044 1875
315 940919 4786
316 945705 1533
317 947238 3630
318 950868 1473
319 952341 7832
320 960173 3640
321 963813 3748
322 967561 2216
323 969777 3509
324 973286 1614
325 974900 6374
326 981274 2249
327 983523 3436
328 986959 2019
329 988978 2728
330 991706 1760
331 993466 1560
332 995026 3662
333 998688 3974
334 1002662 2407
335 1005069 2384
336 1007453 23265
337 1030718 3628
338 1034346 3099
339 1037445 3420
340 1040865 1622
341 1042487 3429
342 1045916 1088
343 1047004 5091
344 1052095 3026
345 1055121 2647
346 1057768 2535
347 1060303 1107
348 1061410 1450
349 1062860 2052
350 1064912 7451
351 1072363 3337
352 1075700 2545
353 1078245 8088
354 1086333 11552
355 1097885 2050
356 1099935 3610
357 1103545 5172
358 1108717 5337
359 1114054 5165
360 1119219 6343
361 1125562 1036
362 1126598 7201
363 1133799 2946
364 1136745 9538
365 1146283 4222
366 1150505 6427
367 1156932 2888
368 1159820 1597
369 1161417 2924
370 1164341 3404
371 1167745 1775
372 1169520 5557
373 1175077 9075
374 1184152 190
375 1184342 2296
376 1186638 8423
377 1195061 6801
378 1201862 6463
379 1208325 3692
380 1212017 3385
381 1215402 2891
382 1218293 3417
383 1221710 473
384 1222183 2171
385 1224354 3929
386 1228283 3618
387 1231901 2913
388 1234814 3582
389 1238396 2699
390 1241095 6564
391 1247659 9425
392 1257084 8442
393 1265526 10529
394 1276055 9696
395 1285751 10278
396 1296029 7960
397 1303989 5476
398 1309465 6246
399 1315711 7495
400 1323206 3553
401 1326759 3992
402 1330751 2373
403 1333124 1560
404 1334684 1665
405 1336349 3154
406 1339503 3516
407 1343019 7602
408 1350621 6344
409 1356965 5939
410 1362904 3575
411 1366479 4596
412 1371075 3486
413 1374561 11606
414 1386167 5154
415 1391321 6643
416 1397964 4808
417 1402772 1073
418 1403845 4169
419 1408014 3660
420 1411674 3445
421 1415119 4314
422 1419433 4907
423 1424340 4560
424 1428900 7988
425 1436888 2248
426 1439136 5540
427 1444676 4380
428 1449056 6534
429 1455590 4792
430 1460382 2170
431 1462552 2146
432 1464698 1496
433 1466194 3316
434 1469510 4598
435 1474108 4137
436 1478245 6238
437 1484483 8580
438 1493063 1856
439 1494919 5783
440 1500702 7277
441 1507979 1288
442 1509267 3423
443 1512690 4110
444 1516800 1629
445 1518429 7297
446 1525726 2757
447 1528483 10142
448 1538625 4295
449 1542920 5807
450 1548727 817
451 1549544 3759
452 1553303 1978
453 1555281 3767
454 1559048 1662
455 1560710 2712
456 1563422 2693
457 1566115 525
458 1566640 4161
459 1570801 6083
460 1576884 1749
461 1578633 3604
462 1582237 2466
463 1584703 6034
464 1590737 5791
465 1596528 7777
466 1604305 4950
467 1609255 918
468 1610173 1284
469 1611457 2044
470 1613501 4076
471 1617577 3505
472 1621082 4070
473 1625152 2921
474 1628073 2864
475 1630937 3516
476 1634453 5623
477 1640076 4658
478 1644734 5105
479 1649839 2718
480 1652557 9179
481 1661736 9417
482 1671153 5559
483 1676712 2034
484 1678746 7366
485 1686112 2005
486 1688117 3499
487 1691616 3745
488 1695361 2619
489 1697980 8377
490 1706357 1319
491 1707676 1895
492 1709571 3099
493 1712670 4571
494 1717241 2036
495 1719277 1212
496 1720489 1232
497 1721721 5300
498 1727021 2794
499 1729815 4027
500 1733842 1149
501 1734991 2035
502 1737026 2157
503 1739183 1350
504 1740533 2905
505 1743438 1597
506 1745035 5309
507 1750344 545
508 1750889 685
509 1751574 546
510 1752120 584
511 1752704 1354
512 1754058 3537
513 1757595 525
514 1758120 2098
515 1760218 1351
516 1761569 3409
517 1764978 6263
518 1771241 3281
519 1774522 5337
520 1779859 3023
521 1782882 3824
522 1786706 3303
523 1790009 3052
524 1793061 2114
525 1795175 1948
526 1797123 3211
527 1800334 3790
528 1804124 224
529 1804348 1955
530 1806303 2185
531 1808488 3822
532 1812310 3813
533 1816123 3635
534 1819758 11165
535 1830923 10088
536 1841011 2064
537 1843075 3837
538 1846912 3461
539 1850373 4231
540 1854604 1530
541 1856134 1471
542 1857605 2366
543 1859971 1963
544 1861934 3115
545 1865049 2774
546 1867823 1932
547 1869755 2401
548 1872156 5008
549 1877164 6553
550 1883717 4730
551 1888447 4248
552 1892695 3616
553 1896311 3063
554 1899374 4114
555 1903488 8658
556 1912146 4049
557 1916195 7545
558 1923740 38581
559 1962321 5453
560 1967774 17885
561 1985659 2782
562 1988441 10554
563 1998995 3796
564 2002791 4741
565 2007532 5421
566 2012953 4839
567 2017792 5259
568 2023051 6739
569 2029790 6498
570 2036288 4692
571 2040980 4163
572 2045143 8966
573 2054109 8418
574 2062527 5496
575 2068023 4285
576 2072308 7457
577 2079765 7918
578 2087683 5661
579 2093344 5371
580 2098715 4478
581 2103193 4973
582 2108166 4331
583 2112497 4383
584 2116880 1270
585 2118150 19885
586 2138035 3722
587 2141757 6346
588 2148103 4691
589 2152794 2827
590 2155621 3494
591 2159115 3927
592 2163042 3481
593 2166523 4290
594 2170813 11929
595 2182742 4257
596 2186999 8232
597 2195231 7876
598 2203107 8016
599 2211123 7323
600 2218446 1642
601 2220088 16462
602 2236550 4621
603 2241171 9462
604 2250633 5322
605 2255955 4799
606 2260754 10522
607 2271276 5568
608 2276844 4126
609 2280970 3176
610 2284146 3759
611 2287905 3934
612 2291839 3326
613 2295165 3431
614 2298596 18444
615 2317040 4821
616 2321861 5377
617 2327238 3412
618 2330650 11488
619 2342138 7890
620 2350028 5468
621 2355496 1243
622 2356739 2140
623 2358879 2884
624 2361763 3679
625 2365442 19367
626 2384809 19790
627 2404599 4365
628 2408964 4311
629 2413275 3535
630 2416810 6798
631 2423608 11241
632 2434849 7108
633 2441957 5961
634 2447918 6365
635 2454283 23604
636 2477887 1580
637 2479467 2823
638 2482290 7412
639 2489702 1083
640 2490785 9085
641 2499870 11274
642 2511144 9259
643 2520403 16014
644 2536417 8761
645 2545178 8453
646 2553631 7388
647 2561019 11299
648 2572318 19512
649 2591830 13562
650 2605392 5490
651 2610882 498
652 2611380 838
653 2612218 7348
654 2619566 1543
655 2621109 2109
656 2623218 8029
657 2631247 4697
658 2635944 2695
659 2638639 4089
660 2642728 5086
661 2647814 7158
662 2654972 3413
663 2658385 2840
664 2661225 685
665 2661910 1058
666 2662968 1646
667 2664614 6684
668 2671298 1354
669 2672652 11457
670 2684109 6354
671 2690463 4445
672 2694908 25812
673 2720720 3756
674 2724476 5149
675 2729625 8412
676 2738037 9779
677 2747816 4639
678 2752455 6379
679 2758834 9605
680 2768439 12853
681 2781292 4698
682 2785990 10966
683 2796956 6280
684 2803236 5117
685 2808353 1763
686 2810116 4773
687 2814889 10724
688 2825613 6856
689 2832469 6117
690 2838586 6595
691 2845181 5813
692 2850994 3915
693 2854909 3511
694 2858420 3340
695 2861760 12851
696 2874611 4237
697 2878848 5580
698 2884428 4301
699 2888729 1210
700 2889939 4418
701 2894357 4392
702 2898749 2097
703 2900846 13046
704 2913892 6715
705 2920607 8842
706 2929449 7755
707 2937204 10706
708 2947910 222
709 2948132 7013
710 2955145 8956
711 2964101 2350
712 2966451 8172
713 2974623 8304
714 2982927 3905
715 2986832 10276
716 2997108 2555
717 2999663 13752
718 3013415 537
719 3013952 3096
720 3017048 739
721 3017787 3340
722 3021127 4029
723 3025156 2055
724 3027211 7602
725 3034813 2646
726 3037459 2743
727 3040202 9674
728 3049876 19351
729 3069227 2759
730 3071986 5382
731 3077368 2267
732 3079635 4273
733 3083908 6602
734 3090510 976
735 3091486 8294
736 3099780 5361
737 3105141 936
738 3106077 3801
739 3109878 2965
740 3112843 3600
741 3116443 2556
742 3118999 3716
743 3122715 4702
744 3127417 9646
745 3137063 11545
746 3148608 2169
747 3150777 4812
748 3155589 3034
749 3158623 5802
750 3164425 1939
751 3166364 8408
752 3174772 8811
753 3183583 2774
754 3186357 4509
755 3190866 3164
756 3194030 1960
757 3195990 10665
758 3206655 6298
759 3212953 4899
760 3217852 5322
761 3223174 1336
762 3224510 1872
763 3226382 3621
764 3230003 212
765 3230215 3720
766 3233935 2549
767 3236484 7704
768 3244188 7021
769 3251209 6504
770 3257713 8818
771 3266531 3169
772 3269700 2829
773 3272529 1862
774 3274391 7079
775 3281470 3430
776 3284900 2669
777 3287569 1181
778 3288750 11655
779 3300405 9920
780 3310325 6955
781 3317280 8955
782 3326235 2311
783 3328546 538
784 3329084 2793
785 3331877 641
786 3332518 6391
787 3338909 4318
788 3343227 2340
789 3345567 9211
790 3354778 6539
791 3361317 1580
792 3362897 7432
793 3370329 2751
794 3373080 7702
795 3380782 4493
796 3385275 2958
797 3388233 9272
798 3397505 2992
799 3400497 4404
800 3404901 3916
801 3408817 1734
802 3410551 5493
803 3416044 5252
804 3421296 8048
805 3429344 1856
806 3431200 2838
807 3434038 8512
808 3442550 4231
809 3446781 3232
810 3450013 12864
811 3462877 4581
812 3467458 2378
813 3469836 2434
814 3472270 666
815 3472936 1383
816 3474319 10089
817 3484408 21768
818 3506176 878
819 3507054 3520
820 3510574 3841
821 3514415 1429
822 3515844 1074
823 3516918 5766
824 3522684 1219
825 3523903 917
826 3524820 10827
827 3535647 1362
828 3537009 17732
829 3554741 9480
830 3564221 2850
831 3567071 3977
832 3571048 1362
833 3572410 4605
834 3577015 5962
835 3582977 1066
836 3584043 2308
837 3586351 8172
838 3594523 3261
839 3597784 1848
840 3599632 536
841 3600168 1554
842 3601722 2282
843 3604004 3814
844 3607818 1336
845 3609154 3174
846 3612328 1246
847 3613574 1320
848 3614894 1110
849 3616004 5542
850 3621546 936
851 3622482 4370
852 3626852 349
853 3627201 8881
854 3636082 3596
855 3639678 1612
856 3641290 1344
857 3642634 6401
858 3649035 4078
859 3653113 1256
860 3654369 2949
861 3657318 2662
862 3659980 1785
863 3661765 4116
864 3665881 12822
865 3678703 1480
866 3680183 4035
867 3684218 3585
868 3687803 1370
869 3689173 1093
870 3690266 3964
871 3694230 6878
872 3701108 12944
873 3714052 1589
874 3715641 1523
875 3717164 1458
876 3718622 2436
877 3721058 2163
878 3723221 1752
879 3724973 1769
880 3726742 1160
881 3727902 1641
882 3729543 810
883 3730353 7026
884 3737379 8133
885 3745512 1482
886 3746994 1088
887 3748082 4672
888 3752754 2427
889 3755181 1170
890 3756351 6439
891 3762790 1775
892 3764565 7556
893 3772121 2170
894 3774291 6393
895 3780684 3996
896 3784680 1396
897 3786076 8336
898 3794412 6897
899 3801309 9532
900 3810841 3645
901 3814486 2228
902 3816714 3394
903 3820108 4731
904 3824839 1684
905 3826523 3174
906 3829697 2122
907 3831819 10205
908 3842024 1138
909 3843162 1354
910 3844516 5193
911 3849709 2544
912 3852253 6666
913 3858919 7837
914 3866756 1429
915 3868185 1783
916 3869968 2257
917 3872225 3425
918 3875650 1969
919 3877619 2113
920 3879732 6060
921 3885792 2087
922 3887879 1468
923 3889347 1118
924 3890465 3189
925 3893654 6326
926 3899980 1995
927 3901975 2403
928 3904378 2620
929 3906998 2624
930 3909622 3614
931 3913236 1424
932 3914660 8507
933 3923167 3921
934 3927088 1491
935 3928579 10457
936 3939036 4111
937 3943147 7214
938 3950361 10047
939 3960408 3371
940 3963779 6507
941 3970286 4384
942 3974670 4673
943 3979343 3005
944 3982348 1332
945 3983680 3085
946 3986765 1968
947 3988733 1681
948 3990414 1727
949 3992141 3365
950 3995506 2076
951 3997582 2141
952 3999723 995
953 4000718 3969
954 4004687 2210
955 4006897 5410
956 4012307 1756
957 4014063 1908
958 4015971 2556
959 4018527 2206
960 4020733 2391
961 4023124 2198
962 4025322 1805
963 4027127 2395
964 4029522 4966
965 4034488 1640
966 4036128 13687
967 4049815 5384
968 4055199 988
969 4056187 14517
970 4070704 1866
971 4072570 1617
972 4074187 1107
973 4075294 1529
974 4076823 1776
975 4078599 6090
976 4084689 3000
977 4087689 3090
978 4090779 2398
979 4093177 1966
980 4095143 2862
981 4098005 5415
982 4103420 15404
983 4118824 7251
984 4126075 3367
985 4129442 3246
986 4132688 2552
987 4135240 2972
988 4138212 2309
989 4140521 5285
990 4145806 1623
991 4147429 1308
992 4148737 1716
993 4150453 2002
994 4152455 2076
995 4154531 2615
996 4157146 2040
997 4159186 1507
998 4160693 1501
999 4162194 1406
1000 4163600 2503
1001 4166103 2826
1002 4168929 2715
1003 4171644 1259
1004 4172903 1115
1005 4174018 870
1006 4174888 990
1007 4175878 1005
1008 4176883 2369
1009 4179252 1753
1010 4181005 912
1011 4181917 1143
1012 4183060 1367
1013 4184427 1008
1014 4185435 1959
1015 4187394 2635
1016 4190029 1285
1017 4191314 2752
1018 4194066 2828
1019 4196894 3009
1020 4199903 1072
1021 4200975 3637
1022 4204612 2555
1023 4207167 4306
1024 4211473 3342
1025 4214815 5893
1026 4220708 3311
1027 4224019 932
1028 4224951 2339
1029 4227290 4639
1030 4231929 2324
1031 4234253 806
1032 4235059 5817
1033 4240876 1246
1034 4242122 6027
1035 4248149 886
1036 4249035 1630
1037 4250665 885
1038 4251550 3286
1039 4254836 6429
1040 4261265 838
1041 4262103 3432
1042 4265535 4049
1043 4269584 1259
1044 4270843 1093
1045 4271936 1814
1046 4273750 1547
1047 4275297 2509
1048 4277806 2508
1049 4280314 1760
1050 4282074 1391
1051 4283465 2922
1052 4286387 2449
1053 4288836 1580
1054 4290416 1873
1055 4292289 1093
1056 4293382 963
1057 4294345 3376
1058 4297721 1970
1059 4299691 1941
1060 4301632 2236
1061 4303868 1966
1062 4305834 3136
1063 4308970 1806
1064 4310776 3209
1065 4313985 3813
1066 4317798 529
1067 4318327 1117
1068 4319444 822
1069 4320266 2580
1070 4322846 1069
1071 4323915 2292
1072 4326207 1874
1073 4328081 1436
1074 4329517 736
1075 4330253 1689
1076 4331942 2550
1077 4334492 1578
1078 4336070 2298
1079 4338368 2401
1080 4340769 2261
1081 4343030 2532
1082 4345562 1438
1083 4347000 2121
1084 4349121 1802
1085 4350923 2261
1086 4353184 4225
1087 4357409 549
1088 4357958 842
1089 4358800 2576
1090 4361376 4251
1091 4365627 3570
1092 4369197 916
1093 4370113 4092
1094 4374205 3526
1095 4377731 1233
1096 4378964 2407
1097 4381371 2666
1098 4384037 2152
1099 4386189 1014
1100 4387203 5451
1101 4392654 1983
1102 4394637 1513
1103 4396150 1868
1104 4398018 1182
1105 4399200 1189
1106 4400389 6970
1107 4407359 3768
1108 4411127 1034
1109 4412161 2484
1110 4414645 2243
1111 4416888 3234
1112 4420122 2599
1113 4422721 30054
1114 4452775 1108
1115 4453883 1758
1116 4455641 5121
1117 4460762 1262
1118 4462024 1662
1119 4463686 1743
1120 4465429 2422
1121 4467851 1690
1122 4469541 1594
1123 4471135 2651
1124 4473786 3234
1125 4477020 4676
1126 4481696 1796
1127 4483492 967
1128 4484459 1506
1129 4485965 2066
1130 4488031 1540
1131 4489571 1812
1132 4491383 1300
1133 4492683 1919
1134 4494602 1635
1135 4496237 872
1136 4497109 2730
1137 4499839 1887
1138 4501726 6167
1139 4507893 2741
1140 4510634 1416
1141 4512050 1218
1142 4513268 1469
1143 4514737 2329
1144 4517066 1480
1145 4518546 1352
1146 4519898 2204
1147 4522102 1533
1148 4523635 1728
1149 4525363 5232
1150 4530595 2600
1151 4533195 5622
1152 4538817 1688
1153 4540505 1310
1154 4541815 2983
1155 4544798 1615
1156 4546413 2803
1157 4549216 1307
1158 4550523 874
1159 4551397 1621
1160 4553018 4009
1161 4557027 3250
1162 4560277 2999
1163 4563276 3371
1164 4566647 2726
1165 4569373 1421
1166 4570794 1384
1167 4572178 898
1168 4573076 2179
1169 4575255 1641
1170 4576896 1104
1171 4578000 3338
1172 4581338 3792
1173 4585130 1768
1174 4586898 4886
1175 4591784 3878
1176 4595662 1781
1177 4597443 1799
1178 4599242 983
1179 4600225 1284
1180 4601509 999
1181 4602508 5100
1182 4607608 2295
1183 4609903 1869
1184 4611772 1143
1185 4612915 1306
1186 4614221 1252
1187 4615473 4197
1188 4619670 1520
1189 4621190 2703
1190 4623893 2155
1191 4626048 1113
1192 4627161 1848
1193 4629009 5013
1194 4634022 2352
1195 4636374 799
1196 4637173 1113
1197 4638286 2956
1198 4641242 4428
1199 4645670 9696
1200 4655366 2208
1201 4657574 3183
1202 4660757 2118
1203 4662875 2299
1204 4665174 27060
1205 4692234 1912
1206 4694146 1792
1207 4695938 5392
1208 4701330 5482
1209 4706812 2519
1210 4709331 3430
1211 4712761 4794
1212 4717555 3745
1213 4721300 3398
1214 4724698 15506
1215 4740204 4162
1216 4744366 3615
1217 4747981 10175
1218 4758156 1700
1219 4759856 1521
1220 4761377 5886
1221 4767263 10978
1222 4778241 5272
1223 4783513 3874
1224 4787387 2217
1225 4789604 1328
1226 4790932 686
1227 4791618 1552
1228 4793170 4671
1229 4797841 2757
1230 4800598 1973
1231 4802571 6293
1232 4808864 5213
1233 4814077 1994
1234 4816071 6496
1235 4822567 2990
1236 4825557 2960
1237 4828517 7532
1238 4836049 1718
1239 4837767 2138
1240 4839905 2613
1241 4842518 1720
1242 4844238 1622
1243 4845860 10939
1244 4856799 7636
1245 4864435 3402
1246 4867837 1921
1247 4869758 5596
1248 4875354 8207
1249 4883561 3229
1250 4886790 599
1251 4887389 3678
1252 4891067 5145
1253 4896212 6931
1254 4903143 943
1255 4904086 2385
1256 4906471 4390
1257 4910861 3574
1258 4914435 2927
1259 4917362 5648
1260 4923010 5110
1261 4928120 7376
1262 4935496 1146
1263 4936642 3961
1264 4940603 1369
1265 4941972 7369
1266 4949341 3315
1267 4952656 4404
1268 4957060 4898
1269 4961958 2367
1270 4964325 6101
1271 4970426 2301
1272 4972727 1730
1273 4974457 15334
1274 4989791 9319
1275 4999110 5415
1276 5004525 1393
1277 5005918 5718
1278 5011636 1415
1279 5013051 6586
1280 5019637 4655
1281 5024292 4631
1282 5028923 9790
1283 5038713 1753
1284 5040466 3499
1285 5043965 15728
1286 5059693 9619
1287 5069312 3931
1288 5073243 7918
1289 5081161 13801
1290 5094962 3819
1291 5098781 14113
1292 5112894 5421
1293 5118315 5121
1294 5123436 9806
1295 5133242 1667
1296 5134909 756
1297 5135665 741
1298 5136406 2935
1299 5139341 1885
1300 5141226 2326
1301 5143552 3197
1302 5146749 2907
1303 5149656 2970
1304 5152626 3022
1305 5155648 2452
1306 5158100 2483
1307 5160583 2552
1308 5163135 868
1309 5164003 1610
1310 5165613 5844
1311 5171457 2592
1312 5174049 1302
1313 5175351 2059
1314 5177410 1594
1315 5179004 2912
1316 5181916 5817
1317 5187733 1209
1318 5188942 2836
1319 5191778 1858
1320 5193636 1251
1321 5194887 1135
1322 5196022 1792
1323 5197814 6006
1324 5203820 1816
1325 5205636 3454
1326 5209090 1609
1327 5210699 627
1328 5211326 2718
1329 5214044 913
1330 5214957 5775
1331 5220732 1627
1332 5222359 778
1333 5223137 807
1334 5223944 2499
1335 5226443 5814
1336 5232257 3753
1337 5236010 3729
1338 5239739 3687
1339 5243426 3782
1340 5247208 3836
1341 5251044 3864
1342 5254908 4068
1343 5258976 3885
1344 5262861 3810
1345 5266671 3834
1346 5270505 3852
1347 5274357 3771
1348 5278128 3810
1349 5281938 3828
1350 5285766 3824
1351 5289590 3871
1352 5293461 3710
1353 5297171 643
1354 5297814 5834
1355 5303648 699
1356 5304347 2819
1357 5307166 2882
1358 5310048 1107
1359 5311155 1290
1360 5312445 7595
1361 5320040 1499
1362 5321539 2311
1363 5323850 2111
1364 5325961 1472
1365 5327433 998
1366 5328431 1717
1367 5330148 2637
1368 5332785 1924
1369 5334709 17055
1370 5351764 1561
1371 5353325 4862
1372 5358187 2123
1373 5360310 2834
1374 5363144 6294
1375 5369438 548
1376 5369986 4048
1377 5374034 2056
1378 5376090 1227
1379 5377317 4673
1380 5381990 868
1381 5382858 1910
1382 5384768 4197
1383 5388965 4710
1384 5393675 9252
1385 5402927 4145
1386 5407072 2721
1387 5409793 859
1388 5410652 824
1389 5411476 923
1390 5412399 1067
1391 5413466 3351
1392 5416817 3702
1393 5420519 6368
1394 5426887 1499
1395 5428386 2696
1396 5431082 2105
1397 5433187 3120
1398 5436307 1614
1399 5437921 8526
1400 5446447 3515
1401 5449962 3402
1402 5453364 1377
1403 5454741 7927
1404 5462668 8211
1405 5470879 8648
1406 5479527 5697
1407 5485224 7430
1408 5492654 7093
1409 5499747 5502
1410 5505249 1806
1411 5507055 6435
1412 5513490 9047
1413 5522537 3875
1414 5526412 4604
1415 5531016 2738
1416 5533754 2408
1417 5536162 3872
1418 5540034 4820
1419 5544854 4273
1420 5549127 3258
1421 5552385 7063
1422 5559448 8586
1423 5568034 2807
1424 5570841 656
1425 5571497 4200
1426 5575697 8146
1427 5583843 8347
1428 5592190 5418
1429 5597608 2423
1430 5600031 7608
1431 5607639 6652
1432 5614291 2909
1433 5617200 1069
1434 5618269 3063
1435 5621332 10610
1436 5631942 7573
1437 5639515 7626
1438 5647141 2978
1439 5650119 1803
1440 5651922 8037
1441 5659959 6951
1442 5666910 4071
1443 5670981 1041
1444 5672022 9640
1445 5681662 2715
1446 5684377 3803
1447 5688180 5700
1448 5693880 14792
1449 5708672 3054
1450 5711726 7901
1451 5719627 6508
1452 5726135 2516
1453 5728651 3875
1454 5732526 3810
1455 5736336 1868
1456 5738204 3395
1457 5741599 5087
1458 5746686 2249
1459 5748935 1115
1460 5750050 1372
1461 5751422 4004
1462 5755426 999
1463 5756425 3495
1464 5759920 3309
1465 5763229 3684
1466 5766913 3285
1467 5770198 2473
1468 5772671 995
1469 5773666 1270
1470 5774936 8075
1471 5783011 7021
1472 5790032 4492
1473 5794524 7306
1474 5801830 1004
1475 5802834 3338
1476 5806172 9079
1477 5815251 2156
1478 5817407 6304
1479 5823711 6295
1480 5830006 1151
1481 5831157 839
1482 5831996 6809
1483 5838805 3590
1484 5842395 2689
1485 5845084 1032
1486 5846116 6725
1487 5852841 8231
1488 5861072 3727
1489 5864799 5032
1490 5869831 3512
1491 5873343 1900
1492 5875243 1003
1493 5876246 1422
1494 5877668 1181
1495 5878849 1310
1496 5880159 1819
1497 5881978 1815
1498 5883793 18366
1499 5902159 4422
1500 5906581 3560
1501 5910141 10524
1502 5920665 1230
1503 5921895 1517
1504 5923412 1986
1505 5925398 1643
1506 5927041 6255
1507 5933296 2006
1508 5935302 2686
1509 5937988 8861
1510 5946849 7988
1511 5954837 10052
1512 5964889 2225
1513 5967114 1630
1514 5968744 2114
1515 5970858 1889
1516 5972747 2450
1517 5975197 2908
1518 5978105 2596
1519 5980701 13315
1520 5994016 2503
1521 5996519 2274
1522 5998793 2528
1523 6001321 3100
1524 6004421 1601
1525 6006022 10174
1526 6016196 9666
1527 6025862 4734
1528 6030596 7014
1529 6037610 3674
1530 6041284 3441
1531 6044725 2861
1532 6047586 5892
1533 6053478 3098
1534 6056576 5873
1535 6062449 4787
1536 6067236 13749
1537 6080985 3845
1538 6084830 2984
1539 6087814 1638
1540 6089452 8123
1541 6097575 5706
1542 6103281 12517
1543 6115798 3830
1544 6119628 2219
1545 6121847 5482
1546 6127329 5864
1547 6133193 7942
1548 6141135 10157
1549 6151292 3617
1550 6154909 3403
1551 6158312 2199
1552 6160511 399
1553 6160910 3798
1554 6164708 2045
1555 6166753 1498
1556 6168251 7393
1557 6175644 1035
1558 6176679 959
1559 6177638 1692
1560 6179330 3293
1561 6182623 1840
1562 6184463 2185
1563 6186648 4042
1564 6190690 1412
1565 6192102 4935
1566 6197037 2617
1567 6199654 1768
1568 6201422 1991
1569 6203413 677
1570 6204090 668
1571 6204758 691
1572 6205449 672
1573 6206121 711
1574 6206832 700
1575 6207532 646
1576 6208178 641
1577 6208819 664
1578 6209483 649
1579 6210132 727
1580 6210859 673
1581 6211532 641
1582 6212173 684
1583 6212857 637
1584 6213494 654
1585 6214148 662
1586 6214810 665
1587 6215475 677
1588 6216152 711
1589 6216863 661
1590 6217524 674
1591 6218198 670
1592 6218868 689
1593 6219557 671
1594 6220228 677
1595 6220905 709
1596 6221614 664
1597 6222278 697
1598 6222975 706
1599 6223681 683
1600 6224364 707
1601 6225071 668
1602 6225739 716
1603 6226455 696
1604 6227151 672
1605 6227823 647
1606 6228470 660
1607 6229130 670
1608 6229800 647
1609 6230447 674
1610 6231121 662
1611 6231783 660
1612 6232443 662
1613 6233105 656
1614 6233761 668
1615 6234429 710
1616 6235139 666
1617 6235805 696
1618 6236501 676
1619 6237177 641
1620 6237818 679
1621 6238497 672
1622 6239169 692
1623 6239861 674
1624 6240535 646
1625 6241181 665
1626 6241846 697
1627 6242543 672
1628 6243215 679
1629 6243894 671
1630 6244565 674
1631 6245239 692
1632 6245931 711
1633 6246642 665
1634 6247307 695
1635 6248002 660
1636 6248662 723
1637 6249385 677
1638 6250062 652
1639 6250714 681
1640 6251395 664
1641 6252059 675
1642 6252734 663
1643 6253397 650
1644 6254047 663
1645 6254710 658
1646 6255368 675
1647 6256043 659
1648 6256702 713
1649 6257415 686
1650 6258101 667
1651 6258768 696
1652 6259464 664
1653 6260128 667
1654 6260795 672
1655 6261467 672
1656 6262139 670
1657 6262809 692
1658 6263501 673
1659 6264174 710
1660 6264884 666
1661 6265550 697
1662 6266247 705
1663 6266952 672
1664 6267624 648
1665 6268272 674
1666 6268946 672
1667 6269618 691
1668 6270309 679
1669 6270988 711
1670 6271699 666
1671 6272365 670
1672 6273035 664
1673 6273699 721
1674 6274420 696
1675 6275116 663
1676 6275779 675
1677 6276454 675
1678 6277129 650
1679 6277779 667
1680 6278446 662
1681 6279108 666
1682 6279774 654
1683 6280428 669
1684 6281097 663
1685 6281760 667
1686 6282427 665
1687 6283092 682
1688 6283774 711
1689 6284485 636
1690 6285121 694
1691 6285815 666
1692 6286481 696
1693 6287177 672
1694 6287849 707
1695 6288556 693
1696 6289249 676
1697 6289925 671
1698 6290596 708
1699 6291304 666
1700 6291970 722
1701 6292692 646
1702 6293338 655
1703 6293993 694
1704 6294687 674
1705 6295361 682
1706 6296043 711
1707 6296754 673
1708 6297427 691
1709 6298118 703
1710 6298821 670
1711 6299491 680
1712 6300171 667
1713 6300838 718
1714 6301556 722
1715 6302278 670
1716 6302948 696
1717 6303644 667
1718 6304311 656
1719 6304967 660
1720 6305627 664
1721 6306291 661
1722 6306952 693
1723 6307645 673
1724 6308318 650
1725 6308968 652
1726 6309620 652
1727 6310272 664
1728 6310936 663
1729 6311599 692
1730 6312291 682
1731 6312973 703
1732 6313676 706
1733 6314382 695
1734 6315077 669
1735 6315746 694
1736 6316440 686
1737 6317126 698
1738 6317824 682
1739 6318506 681
1740 6319187 706
1741 6319893 662
1742 6320555 208
1743 6320763 191
1744 6320954 695
1745 6321649 678
1746 6322327 706
1747 6323033 714
1748 6323747 667
1749 6324414 672
1750 6325086 695
1751 6325781 659
1752 6326440 665
1753 6327105 660
1754 6327765 659
1755 6328424 701
1756 6329125 672
1757 6329797 658
1758 6330455 641
1759 6331096 660
1760 6331756 664
1761 6332420 649
1762 6333069 662
1763 6333731 659
1764 6334390 677
1765 6335067 666
1766 6335733 707
1767 6336440 696
1768 6337136 672
1769 6337808 656
1770 6338464 652
1771 6339116 680
1772 6339796 678
1773 6340474 662
1774 6341136 695
1775 6341831 665
1776 6342496 680
1777 6343176 657
1778 6343833 702
1779 6344535 666
1780 6345201 683
1781 6345884 668
1782 6346552 678
1783 6347230 716
1784 6347946 711
1785 6348657 722
1786 6349379 664
1787 6350043 736
1788 6350779 662
1789 6351441 667
1790 6352108 656
1791 6352764 687
1792 6353451 646
1793 6354097 652
1794 6354749 675
1795 6355424 673
1796 6356097 687
1797 6356784 701
1798 6357485 664
1799 6358149 660
1800 6358809 701
1801 6359510 666
1802 6360176 679
1803 6360855 694
1804 6361549 660
1805 6362209 652
1806 6362861 704
1807 6363565 671
1808 6364236 664
1809 6364900 689
1810 6365589 679
1811 6366268 657
1812 6366925 695
1813 6367620 734
1814 6368354 694
1815 6369048 666
1816 6369714 713
1817 6370427 712
1818 6371139 705
1819 6371844 721
1820 6372565 724
1821 6373289 698
1822 6373987 693
1823 6374680 694
1824 6375374 711
1825 6376085 696
1826 6376781 681
1827 6377462 704
1828 6378166 646
1829 6378812 657
1830 6379469 694
1831 6380163 667
1832 6380830 704
1833 6381534 667
1834 6382201 689
1835 6382890 668
1836 6383558 676
1837 6384234 655
1838 6384889 696
1839 6385585 681
1840 6386266 641
1841 6386907 705
1842 6387612 670
1843 6388282 694
1844 6388976 676
1845 6389652 707
1846 6390359 658
1847 6391017 743
1848 6391760 742
1849 6392502 733
1850 6393235 694
1851 6393929 678
1852 6394607 654
1853 6395261 658
1854 6395919 665
1855 6396584 639
1856 6397223 685
1857 6397908 633
1858 6398541 643
1859 6399184 667
1860 6399851 646
1861 6400497 682
1862 6401179 706
1863 6401885 657
1864 6402542 694
1865 6403236 218
1866 6403454 698
1867 6404152 704
1868 6404856 687
1869 6405543 694
1870 6406237 681
1871 6406918 685
1872 6407603 705
1873 6408308 692
1874 6409000 659
1875 6409659 690
1876 6410349 671
1877 6411020 658
1878 6411678 633
1879 6412311 656
1880 6412967 650
1881 6413617 656
1882 6414273 659
1883 6414932 665
1884 6415597 703
1885 6416300 667
1886 6416967 692
1887 6417659 647
1888 6418306 675
1889 6418981 661
1890 6419642 725
1891 6420367 703
1892 6421070 696
1893 6421766 702
1894 6422468 667
1895 6423135 669
1896 6423804 661
1897 6424465 684
1898 6425149 655
1899 6425804 669
1900 6426473 667
1901 6427140 695
1902 6427835 664
1903 6428499 687
1904 6429186 705
1905 6429891 702
1906 6430593 680
1907 6431273 672
1908 6431945 682
1909 6432627 667
1910 6433294 695
1911 6433989 669
1912 6434658 677
1913 6435335 654
1914 6435989 658
1915 6436647 658
1916 6437305 658
1917 6437963 703
1918 6438666 666
1919 6439332 694
1920 6440026 704
1921 6440730 672
1922 6441402 685
1923 6442087 666
1924 6442753 694
1925 6443447 691
1926 6444138 667
1927 6444805 681
1928 6445486 693
1929 6446179 648
1930 6446827 653
1931 6447480 645
1932 6448125 705
1933 6448830 699
1934 6449529 674
1935 6450203 674
1936 6450877 666
1937 6451543 672
1938 6452215 655
1939 6452870 661
1940 6453531 656
1941 6454187 648
1942 6454835 662
1943 6455497 651
1944 6456148 671
1945 6456819 636
1946 6457455 649
1947 6458104 664
1948 6458768 660
1949 6459428 705
1950 6460133 690
1951 6460823 673
1952 6461496 652
1953 6462148 667
1954 6462815 649
1955 6463464 668
1956 6464132 666
1957 6464798 659
1958 6465457 695
1959 6466152 666
1960 6466818 705
1961 6467523 695
1962 6468218 667
1963 6468885 698
1964 6469583 667
1965 6470250 675
1966 6470925 659
1967 6471584 695
1968 6472279 647
1969 6472926 655
1970 6473581 674
1971 6474255 677
1972 6474932 650
1973 6475582 648
1974 6476230 699
1975 6476929 676
1976 6477605 649
1977 6478254 647
1978 6478901 705
1979 6479606 639
1980 6480245 681
1981 6480926 718
1982 6481644 677
1983 6482321 645
1984 6482966 652
1985 6483618 647
1986 6484265 657
1987 6484922 635
1988 6485557 659
1989 6486216 642
1990 6486858 641
1991 6487499 668
1992 6488167 650
1993 6488817 694
1994 6489511 666
1995 6490177 704
1996 6490881 633
1997 6491514 676
1998 6492190 662
1999 6492852 3150
2000 6496002 5183
2001 6501185 5574
2002 6506759 4708
2003 6511467 5545
2004 6517012 1887
2005 6518899 3891
2006 6522790 6089
2007 6528879 2472
2008 6531351 4444
2009 6535795 798
2010 6536593 4182
2011 6540775 2679
2012 6543454 2968
2013 6546422 1262
2014 6547684 1955
2015 6549639 2328
2016 6551967 2746
2017 6554713 2314
2018 6557027 1301
2019 6558328 4709
2020 6563037 4590
2021 6567627 3587
2022 6571214 3140
2023 6574354 4114
2024 6578468 4513
2025 6582981 2783
2026 6585764 3831
2027 6589595 2318
2028 6591913 1749
2029 6593662 2307
2030 6595969 20508
2031 6616477 3320
2032 6619797 4092
2033 6623889 1927
2034 6625816 8742
2035 6634558 2686
2036 6637244 5325
2037 6642569 5357
2038 6647926 3697
2039 6651623 4178
2040 6655801 5940
2041 6661741 3037
2042 6664778 5470
2043 6670248 1746
2044 6671994 2629
2045 6674623 5040
2046 6679663 3320
2047 6682983 5428
2048 6688411 5499
2049 6693910 4286
2050 6698196 2546
2051 6700742 4420
2052 6705162 7408
2053 6712570 193
2054 6712763 4739
2055 6717502 178
2056 6717680 910
2057 6718590 801
2058 6719391 2242
2059 6721633 1787
2060 6723420 945
2061 6724365 1847
2062 6726212 12145
2063 6738357 4443
2064 6742800 1889
2065 6744689 6896
2066 6751585 9989
2067 6761574 1124
2068 6762698 9953
2069 6772651 3388
2070 6776039 1410
2071 6777449 3524
2072 6780973 5374
2073 6786347 4674
2074 6791021 5549
2075 6796570 3464
2076 6800034 1743
2077 6801777 789
2078 6802566 2587
2079 6805153 3948
2080 6809101 3536
2081 6812637 5177
2082 6817814 5264
2083 6823078 9381
2084 6832459 3296
2085 6835755 602
2086 6836357 1555
2087 6837912 3327
2088 6841239 1889
2089 6843128 3284
2090 6846412 5120
2091 6851532 2139
2092 6853671 5839
2093 6859510 2309
2094 6861819 4224
2095 6866043 4925
2096 6870968 216
2097 6871184 178
2098 6871362 206
2099 6871568 178
2100 6871746 623
2101 6872369 657
2102 6873026 630
2103 6873656 675
2104 6874331 657
2105 6874988 633
2106 6875621 191
2107 6875812 603
2108 6876415 626
2109 6877041 689
2110 6877730 232
2111 6877962 178
2112 6878140 660
2113 6878800 172
2114 6878972 670
2115 6879642 640
2116 6880282 635
2117 6880917 638
2118 6881555 638
2119 6882193 638
2120 6882831 635
2121 6883466 629
2122 6884095 640
2123 6884735 644
2124 6885379 193
2125 6885572 656
2126 6886228 639
2127 6886867 626
2128 6887493 181
2129 6887674 632
2130 6888306 221
2131 6888527 685
2132 6889212 222
2133 6889434 628
2134 6890062 371
2135 6890433 193
2136 6890626 673
2137 6891299 658
2138 6891957 574
2139 6892531 641
2140 6893172 684
2141 6893856 637
2142 6894493 669
2143 6895162 654
2144 6895816 642
2145 6896458 662
2146 6897120 655
2147 6897775 665
2148 6898440 659
2149 6899099 218
2150 6899317 638
2151 6899955 636
2152 6900591 657
2153 6901248 630
2154 6901878 678
2155 6902556 635
2156 6903191 222
2157 6903413 556
2158 6903969 626
2159 6904595 212
2160 6904807 656
2161 6905463 641
2162 6906104 626
2163 6906730 227
2164 6906957 180
2165 6907137 674
2166 6907811 626
2167 6908437 180
2168 6908617 198
2169 6908815 191
2170 6909006 218
2171 6909224 632
2172 6909856 660
2173 6910516 630
2174 6911146 673
2175 6911819 669
2176 6912488 636
2177 6913124 223
2178 6913347 556
2179 6913903 209
2180 6914112 295
2181 6914407 312
2182 6914719 192
2183 6914911 656
2184 6915567 639
2185 6916206 218
2186 6916424 289
2187 6916713 311
2188 6917024 667
2189 6917691 180
2190 6917871 269
2191 6918140 626
2192 6918766 200
2193 6918966 634
2194 6919600 243
2195 6919843 661
2196 6920504 683
2197 6921187 641
2198 6921828 636
2199 6922464 640
2200 6923104 189
2201 6923293 556
2202 6923849 660
2203 6924509 202
2204 6924711 659
2205 6925370 638
2206 6926008 660
2207 6926668 212
2208 6926880 656
2209 6927536 194
2210 6927730 634
2211 6928364 198
2212 6928562 660
2213 6929222 647
2214 6929869 680
2215 6930549 660
2216 6931209 670
2217 6931879 647
2218 6932526 674
2219 6933200 662
2220 6933862 660
2221 6934522 662
2222 6935184 656
2223 6935840 636
2224 6936476 206
2225 6936682 633
2226 6937315 622
2227 6937937 626
2228 6938563 629
2229 6939192 637
2230 6939829 645
2231 6940474 637
2232 6941111 660
2233 6941771 193
2234 6941964 602
2235 6942566 658
2236 6943224 200
2237 6943424 643
2238 6944067 625
2239 6944692 639
2240 6945331 660
2241 6945991 637
2242 6946628 639
2243 6947267 636
2244 6947903 222
2245 6948125 667
2246 6948792 178
2247 6948970 645
2248 6949615 660
2249 6950275 668
2250 6950943 668
2251 6951611 179
2252 6951790 626
2253 6952416 217
2254 6952633 191
2255 6952824 197
2256 6953021 191
2257 6953212 619
2258 6953831 630
2259 6954461 637
2260 6955098 645
2261 6955743 638
2262 6956381 641
2263 6957022 192
2264 6957214 602
2265 6957816 660
2266 6958476 179
2267 6958655 629
2268 6959284 194
2269 6959478 640
2270 6960118 626
2271 6960744 660
2272 6961404 222
2273 6961626 633
2274 6962259 190
2275 6962449 643
2276 6963092 660
2277 6963752 217
2278 6963969 191
2279 6964160 172
2280 6964332 191
2281 6964523 620
2282 6965143 630
2283 6965773 638
2284 6966411 647
2285 6967058 639
2286 6967697 636
2287 6968333 192
2288 6968525 604
2289 6969129 658
2290 6969787 215
2291 6970002 642
2292 6970644 624
2293 6971268 660
2294 6971928 284
2295 6972212 634
2296 6972846 179
2297 6973025 643
2298 6973668 219
2299 6973887 708
2300 6974595 172
2301 6974767 645
2302 6975412 659
2303 6976071 194
2304 6976265 212
2305 6976477 194
2306 6976671 206
2307 6976877 188
2308 6977065 194
2309 6977259 206
2310 6977465 200
2311 6977665 621
2312 6978286 191
2313 6978477 601
2314 6979078 221
2315 6979299 637
2316 6979936 623
2317 6980559 631
2318 6981190 638
2319 6981828 638
2320 6982466 634
2321 6983100 189
2322 6983289 626
2323 6983915 659
2324 6984574 659
2325 6985233 221
2326 6985454 631
2327 6986085 199
2328 6986284 193
2329 6986477 647
2330 6987124 200
2331 6987324 172
2332 6987496 191
2333 6987687 216
2334 6987903 621
2335 6988524 638
2336 6989162 638
2337 6989800 635
2338 6990435 185
2339 6990620 659
2340 6991279 205
2341 6991484 641
2342 6992125 622
2343 6992747 659
2344 6993406 231
2345 6993637 630
2346 6994267 212
2347 6994479 639
2348 6995118 179
2349 6995297 647
2350 6995944 659
2351 6996603 629
2352 6997232 184
2353 6997416 216
2354 6997632 632
2355 6998264 638
2356 6998902 649
2357 6999551 639
2358 7000190 636
2359 7000826 659
2360 7001485 191
2361 7001676 693
2362 7002369 231
2363 7002600 211
2364 7002811 640
2365 7003451 202
2366 7003653 659
2367 7004312 189
2368 7004501 219
2369 7004720 674
2370 7005394 239
2371 7005633 631
2372 7006264 193
2373 7006457 213
2374 7006670 647
2375 7007317 658
2376 7007975 675
2377 7008650 650
2378 7009300 667
2379 7009967 666
2380 7010633 654
2381 7011287 669
2382 7011956 663
2383 7012619 665
2384 7013284 641
2385 7013925 637
2386 7014562 634
2387 7015196 632
2388 7015828 633
2389 7016461 648
2390 7017109 667
2391 7017776 179
2392 7017955 601
2393 7018556 196
2394 7018752 627
2395 7019379 659
2396 7020038 194
2397 7020232 648
2398 7020880 199
2399 7021079 641
2400 7021720 625
2401 7022345 662
2402 7023007 659
2403 7023666 221
2404 7023887 179
2405 7024066 647
2406 7024713 659
2407 7025372 240
2408 7025612 166
2409 7025778 230
2410 7026008 166
2411 7026174 619
2412 7026793 631
2413 7027424 651
2414 7028075 642
2415 7028717 191
2416 7028908 659
2417 7029567 197
2418 7029764 205
2419 7029969 640
2420 7030609 659
2421 7031268 258
2422 7031526 184
2423 7031710 209
2424 7031919 627
2425 7032546 646
2426 7033192 226
2427 7033418 617
2428 7034035 602
2429 7034637 166
2430 7034803 193
2431 7034996 173
2432 7035169 203
2433 7035372 641
2434 7036013 640
2435 7036653 216
2436 7036869 633
2437 7037502 638
2438 7038140 638
2439 7038778 667
2440 7039445 660
2441 7040105 641
2442 7040746 624
2443 7041370 660
2444 7042030 690
2445 7042720 614
2446 7043334 202
2447 7043536 639
2448 7044175 677
2449 7044852 633
2450 7045485 179
2451 7045664 188
2452 7045852 660
2453 7046512 664
2454 7047176 661
2455 7047837 693
2456 7048530 673
2457 7049203 650
2458 7049853 652
2459 7050505 652
2460 7051157 663
2461 7051820 692
2462 7052512 628
2463 7053140 634
2464 7053774 620
2465 7054394 632
2466 7055026 638
2467 7055664 648
2468 7056312 692
2469 7057004 192
2470 7057196 660
2471 7057856 193
2472 7058049 623
2473 7058672 660
2474 7059332 242
2475 7059574 241
2476 7059815 636
2477 7060451 198
2478 7060649 644
2479 7061293 660
2480 7061953 656
2481 7062609 215
2482 7062824 218
2483 7063042 230
2484 7063272 224
2485 7063496 218
2486 7063714 633
2487 7064347 633
2488 7064980 645
2489 7065625 642
2490 7066267 654
2491 7066921 198
2492 7067119 602
2493 7067721 660
2494 7068381 650
2495 7069031 640
2496 7069671 622
2497 7070293 660
2498 7070953 191
2499 7071144 269
2500 7071413 644
2501 7072057 213
2502 7072270 661
2503 7072931 660
2504 7073591 204
2505 7073795 603
2506 7074398 662
2507 7075060 660
2508 7075720 187
2509 7075907 622
2510 7076529 660
2511 7077189 201
2512 7077390 640
2513 7078030 238
2514 7078268 192
2515 7078460 627
2516 7079087 196
2517 7079283 190
2518 7079473 638
2519 7080111 642
2520 7080753 658
2521 7081411 672
2522 7082083 658
2523 7082741 641
2524 7083382 660
2525 7084042 664
2526 7084706 662
2527 7085368 659
2528 7086027 1984
2529 7088011 2466
2530 7090477 7802
2531 7098279 2030
2532 7100309 6233
2533 7106542 4261
2534 7110803 4381
2535 7115184 6903
2536 7122087 3620
2537 7125707 4640
2538 7130347 5282
2539 7135629 4459
2540 7140088 4137
2541 7144225 7963
2542 7152188 4405
2543 7156593 4102
2544 7160695 5580
2545 7166275 7814
2546 7174089 2362
2547 7176451 2143
2548 7178594 2966
2549 7181560 2960
2550 7184520 5445
2551 7189965 3184
2552 7193149 4104
2553 7197253 4698
2554 7201951 5134
2555 7207085 2506
2556 7209591 2744
2557 7212335 8278
2558 7220613 1244
2559 7221857 219
2560 7222076 4164
2561 7226240 1560
2562 7227800 9965
2563 7237765 8771
2564 7246536 3979
2565 7250515 5261
2566 7255776 8600
2567 7264376 3936
2568 7268312 4702
2569 7273014 3830
2570 7276844 7233
2571 7284077 2589
2572 7286666 983
2573 7287649 18597
2574 7306246 8493
2575 7314739 2410
2576 7317149 7152
2577 7324301 11030
2578 7335331 2891
2579 7338222 3238
2580 7341460 4852
2581 7346312 7281
2582 7353593 6919
2583 7360512 6208
2584 7366720 1090
2585 7367810 2801
2586 7370611 3462
2587 7374073 1062
2588 7375135 1569
2589 7376704 6360
2590 7383064 13641
2591 7396705 2113
2592 7398818 12969
2593 7411787 2894
2594 7414681 5048
2595 7419729 1979
2596 7421708 6580
2597 7428288 6462
2598 7434750 2760
2599 7437510 1932
2600 7439442 2451
2601 7441893 1569
2602 7443462 1160
2603 7444622 1160
2604 7445782 1160
2605 7446942 1160
2606 7448102 1160
2607 7449262 1160
2608 7450422 803
2609 7451225 1135
2610 7452360 8095
2611 7460455 1335
2612 7461790 2019
2613 7463809 6800
2614 7470609 3931
2615 7474540 5505
2616 7480045 1259
2617 7481304 8871
2618 7490175 2075
2619 7492250 4470
2620 7496720 9319
2621 7506039 2415
2622 7508454 2936
2623 7511390 2170
2624 7513560 3027
2625 7516587 3783
2626 7520370 2609
2627 7522979 3422
2628 7526401 6387
2629 7532788 2168
2630 7534956 8583
2631 7543539 5205
2632 7548744 1103
2633 7549847 1315
2634 7551162 1478
2635 7552640 2481
2636 7555121 2377
2637 7557498 1835
2638 7559333 2435
2639 7561768 3942
2640 7565710 3770
2641 7569480 13402
2642 7582882 2477
2643 7585359 2099
2644 7587458 2447
2645 7589905 6398
2646 7596303 5245
2647 7601548 5963
2648 7607511 2511
2649 7610022 2499
2650 7612521 8527
2651 7621048 5421
2652 7626469 2810
2653 7629279 3261
2654 7632540 1793
2655 7634333 652
2656 7634985 493
2657 7635478 616
2658 7636094 2588
2659 7638682 2530
2660 7641212 1933
2661 7643145 5785
2662 7648930 2048
2663 7650978 3836
2664 7654814 8149
2665 7662963 4203
2666 7667166 2399
2667 7669565 1589
2668 7671154 3024
2669 7674178 8322
2670 7682500 1711
2671 7684211 3245
2672 7687456 3748
2673 7691204 4261
2674 7695465 3618
2675 7699083 14618
2676 7713701 3065
2677 7716766 4833
2678 7721599 2634
2679 7724233 2737
2680 7726970 3481
2681 7730451 19808
2682 7750259 4011
2683 7754270 4185
2684 7758455 3687
2685 7762142 4332
2686 7766474 3806
2687 7770280 4384
2688 7774664 3081
2689 7777745 1701
2690 7779446 3748
2691 7783194 3190
2692 7786384 4171
2693 7790555 3555
2694 7794110 3655
2695 7797765 4016
2696 7801781 4322
2697 7806103 3775
2698 7809878 3515
2699 7813393 4033
2700 7817426 4788
2701 7822214 4197
2702 7826411 3963
2703 7830374 3490
2704 7833864 2857
2705 7836721 3144
2706 7839865 4073
2707 7843938 3279
2708 7847217 4366
2709 7851583 1565
2710 7853148 3465
2711 7856613 3527
2712 7860140 19553
2713 7879693 1522
2714 7881215 4860
2715 7886075 3354
2716 7889429 3465
2717 7892894 5457
2718 7898351 5077
2719 7903428 3183
2720 7906611 3301
2721 7909912 3742
2722 7913654 2748
2723 7916402 3250
2724 7919652 3207
2725 7922859 3562
2726 7926421 4528
2727 7930949 3633
2728 7934582 4341
2729 7938923 944
2730 7939867 2972
2731 7942839 4083
2732 7946922 3561
2733 7950483 3540
2734 7954023 2624
2735 7956647 1121
2736 7957768 4234
2737 7962002 19826
2738 7981828 3839
2739 7985667 4834
2740 7990501 3341
2741 7993842 3327
2742 7997169 3287
2743 8000456 3659
2744 8004115 9670
2745 8013785 1871
2746 8015656 2663
2747 8018319 3205
2748 8021524 3480
2749 8025004 8396
2750 8033400 1744
2751 8035144 1083
2752 8036227 1073
2753 8037300 1386
2754 8038686 5010
2755 8043696 2169
2756 8045865 4034
2757 8049899 2337
2758 8052236 7688
2759 8059924 1333
2760 8061257 1492
2761 8062749 4297
2762 8067046 1281
2763 8068327 1249
2764 8069576 1426
2765 8071002 1703
2766 8072705 5201
2767 8077906 2540
2768 8080446 1390
2769 8081836 3199
2770 8085035 3846
2771 8088881 9593
2772 8098474 3802
2773 8102276 1583
2774 8103859 2130
2775 8105989 7049
2776 8113038 1881
2777 8114919 7379
2778 8122298 3403
2779 8125701 12904
2780 8138605 5268
2781 8143873 4693
2782 8148566 2490
2783 8151056 2337
2784 8153393 2169
2785 8155562 3622
2786 8159184 11061
2787 8170245 687
2788 8170932 4775
2789 8175707 1310
2790 8177017 917
2791 8177934 7428
2792 8185362 3131
2793 8188493 2893
2794 8191386 1336
2795 8192722 543
2796 8193265 4636
2797 8197901 3260
2798 8201161 2226
2799 8203387 875
2800 8204262 801
2801 8205063 1260
2802 8206323 5700
2803 8212023 1606
2804 8213629 1700
2805 8215329 12994
2806 8228323 569
2807 8228892 1857
2808 8230749 2338
2809 8233087 2703
2810 8235790 1665
2811 8237455 637
2812 8238092 2212
2813 8240304 2339
2814 8242643 497
2815 8243140 2444
2816 8245584 3117
2817 8248701 1575
2818 8250276 722
2819 8250998 3698
2820 8254696 2017
2821 8256713 2878
2822 8259591 7594
2823 8267185 427
2824 8267612 11277
2825 8278889 4508
2826 8283397 3693
2827 8287090 9043
2828 8296133 2068
2829 8298201 2018
2830 8300219 6481
2831 8306700 3707
2832 8310407 14986
2833 8325393 6431
2834 8331824 1345
2835 8333169 2954
2836 8336123 2153
2837 8338276 757
2838 8339033 751
2839 8339784 403
2840 8340187 4004
2841 8344191 3941
2842 8348132 3079
2843 8351211 4181
2844 8355392 7624
2845 8363016 5454
2846 8368470 1372
2847 8369842 5343
2848 8375185 1189
2849 8376374 945
2850 8377319 1875
2851 8379194 2436
2852 8381630 5513
2853 8387143 2527
2854 8389670 8117
2855 8397787 2487
2856 8400274 932
2857 8401206 863
2858 8402069 1659
2859 8403728 2255
2860 8405983 7303
2861 8413286 1657
2862 8414943 4785
2863 8419728 2473
2864 8422201 3654
2865 8425855 2709
2866 8428564 6985
2867 8435549 2320
2868 8437869 3039
2869 8440908 4621
2870 8445529 2539
2871 8448068 2901
2872 8450969 1922
2873 8452891 1291
2874 8454182 4754
2875 8458936 1651
2876 8460587 1020
2877 8461607 1619
2878 8463226 1817
2879 8465043 4626
2880 8469669 1690
2881 8471359 2702
2882 8474061 9366
2883 8483427 1894
2884 8485321 2651
2885 8487972 9107
2886 8497079 3568
2887 8500647 6175
2888 8506822 3386
2889 8510208 2973
2890 8513181 7899
2891 8521080 1751
2892 8522831 2218
2893 8525049 1664
2894 8526713 980
2895 8527693 2405
2896 8530098 1696
2897 8531794 1798
2898 8533592 15096
2899 8548688 7404
2900 8556092 3160
2901 8559252 1692
2902 8560944 1428
2903 8562372 7705
2904 8570077 2009
2905 8572086 2131
2906 8574217 1801
2907 8576018 1703
2908 8577721 2094
2909 8579815 1174
2910 8580989 2012
2911 8583001 3132
2912 8586133 6335
2913 8592468 999
2914 8593467 6656
2915 8600123 953
2916 8601076 1163
2917 8602239 804
2918 8603043 6328
2919 8609371 2860
2920 8612231 5094
2921 8617325 9085
2922 8626410 7370
2923 8633780 1847
2924 8635627 5506
2925 8641133 3616
2926 8644749 1525
2927 8646274 657
2928 8646931 3300
2929 8650231 9186
2930 8659417 2895
2931 8662312 2233
2932 8664545 5730
2933 8670275 1316
2934 8671591 4428
2935 8676019 708
2936 8676727 2569
2937 8679296 1554
2938 8680850 1151
2939 8682001 2533
2940 8684534 4377
2941 8688911 2942
2942 8691853 5447
2943 8697300 5881
2944 8703181 4480
2945 8707661 2777
2946 8710438 2083
2947 8712521 1085
2948 8713606 823
2949 8714429 2654
2950 8717083 5798
2951 8722881 963
2952 8723844 1823
2953 8725667 1750
2954 8727417 7488
2955 8734905 1222
2956 8736127 2242
2957 8738369 2447
2958 8740816 1409
2959 8742225 598
2960 8742823 5019
2961 8747842 6137
2962 8753979 11639
2963 8765618 1233
2964 8766851 2358
2965 8769209 1045
2966 8770254 2198
2967 8772452 2836
2968 8775288 5202
2969 8780490 2456
2970 8782946 3038
2971 8785984 20095
2972 8806079 2864
2973 8808943 1628
2974 8810571 2262
2975 8812833 1779
2976 8814612 7366
2977 8821978 4618
2978 8826596 12606
2979 8839202 2428
2980 8841630 1838
2981 8843468 1461
2982 8844929 3124
2983 8848053 1394
2984 8849447 3896
2985 8853343 1119
2986 8854462 1146
2987 8855608 1352
2988 8856960 2401
2989 8859361 2376
2990 8861737 215
2991 8861952 986
2992 8862938 7335
2993 8870273 5225
2994 8875498 6585
2995 8882083 4449
2996 8886532 3714
2997 8890246 2765
2998 8893011 30938
2999 8923949 3977
3000 8927926 5302
3001 8933228 1980
3002 8935208 1241
3003 8936449 2577
3004 8939026 1965
3005 8940991 1571
3006 8942562 2570
3007 8945132 2017
3008 8947149 3762
3009 8950911 952
3010 8951863 1936
3011 8953799 1448
3012 8955247 5728
3013 8960975 2250
3014 8963225 2912
3015 8966137 1514
3016 8967651 5760
3017 8973411 2668
3018 8976079 1275
3019 8977354 1344
3020 8978698 7965
3021 8986663 1722
3022 8988385 2840
3023 8991225 1252
3024 8992477 1440
3025 8993917 5134
3026 8999051 1306
3027 9000357 1453
3028 9001810 939
3029 9002749 2785
3030 9005534 1504
3031 9007038 3010
3032 9010048 1232
3033 9011280 8789
3034 9020069 2618
3035 9022687 1634
3036 9024321 2244
3037 9026565 2000
3038 9028565 6263
3039 9034828 2088
3040 9036916 1576
3041 9038492 3157
3042 9041649 4069
3043 9045718 2693
3044 9048411 2892
3045 9051303 1046
3046 9052349 1428
3047 9053777 5515
3048 9059292 1656
3049 9060948 3628
3050 9064576 2090
3051 9066666 5818
3052 9072484 6790
3053 9079274 1230
3054 9080504 1529
3055 9082033 366
3056 9082399 2208
3057 9084607 1751
3058 9086358 2955
3059 9089313 1229
3060 9090542 1969
3061 9092511 931
3062 9093442 1877
3063 9095319 6895
3064 9102214 1572
3065 9103786 1714
3066 9105500 969
3067 9106469 8968
3068 9115437 5619
3069 9121056 5677
3070 9126733 5494
3071 9132227 6751
3072 9138978 2082
3073 9141060 19465
3074 9160525 7689
3075 9168214 1828
3076 9170042 3044
3077 9173086 1866
3078 9174952 2701
3079 9177653 4183
3080 9181836 1421
3081 9183257 603
3082 9183860 6580
3083 9190440 2424
3084 9192864 1837
3085 9194701 3355
3086 9198056 1897
3087 9199953 13767
3088 9213720 550
3089 9214270 3039
3090 9217309 2840
3091 9220149 4335
3092 9224484 5479
3093 9229963 3035
3094 9232998 2767
3095 9235765 3760
3096 9239525 2142
3097 9241667 4026
3098 9245693 13157
3099 9258850 2533
3100 9261383 1937
3101 9263320 3641
3102 9266961 3884
3103 9270845 3894
3104 9274739 1915
3105 9276654 5457
3106 9282111 6895
3107 9289006 2527
3108 9291533 4601
3109 9296134 6995
3110 9303129 1522
3111 9304651 2503
3112 9307154 833
3113 9307987 5380
3114 9313367 857
3115 9314224 3596
3116 9317820 5945
3117 9323765 1257
3118 9325022 1404
3119 9326426 3706
3120 9330132 4602
3121 9334734 2406
3122 9337140 2222
3123 9339362 3796
3124 9343158 4080
3125 9347238 948
3126 9348186 2957
3127 9351143 1159
3128 9352302 1803
3129 9354105 2022
3130 9356127 3146
3131 9359273 7163
3132 9366436 8632
3133 9375068 3986
3134 9379054 4017
3135 9383071 4647
3136 9387718 3923
3137 9391641 4650
3138 9396291 1177
3139 9397468 4236
3140 9401704 2728
3141 9404432 1736
3142 9406168 1098
3143 9407266 4060
3144 9411326 3896
3145 9415222 2910
3146 9418132 1310
3147 9419442 3186
3148 9422628 7711
3149 9430339 2217
3150 9432556 3805
3151 9436361 1667
3152 9438028 4273
3153 9442301 5141
3154 9447442 8874
3155 9456316 3164
3156 9459480 13397
3157 9472877 3765
3158 9476642 205
3159 9476847 6395
3160 9483242 8731
3161 9491973 5788
3162 9497761 2187
3163 9499948 4995
3164 9504943 1234
3165 9506177 3884
3166 9510061 6385
3167 9516446 1685
3168 9518131 3460
3169 9521591 2826
3170 9524417 6313
3171 9530730 5416
3172 9536146 6775
3173 9542921 10455
3174 9553376 7001
3175 9560377 4583
3176 9564960 3545
3177 9568505 6473
3178 9574978 9659
3179 9584637 1613
3180 9586250 2798
3181 9589048 2421
3182 9591469 4580
3183 9596049 1606
3184 9597655 4836
3185 9602491 773
3186 9603264 778
3187 9604042 6370
3188 9610412 10759
3189 9621171 1595
3190 9622766 2160
3191 9624926 9595
3192 9634521 4323
3193 9638844 6396
3194 9645240 3059
3195 9648299 6109
3196 9654408 1704
3197 9656112 6483
3198 9662595 6721
3199 9669316 9045
3200 9678361 1436
3201 9679797 2921
3202 9682718 3362
3203 9686080 6024
3204 9692104 6314
3205 9698418 6436
3206 9704854 9711
3207 9714565 9752
3208 9724317 1192
3209 9725509 725
3210 9726234 1158
3211 9727392 3808
3212 9731200 680
3213 9731880 5538
3214 9737418 1403
3215 9738821 2792
3216 9741613 2329
3217 9743942 5539
3218 9749481 12229
3219 9761710 2608
3220 9764318 26097
3221 9790415 3722
3222 9794137 4047
3223 9798184 12442
3224 9810626 4413
3225 9815039 3903
3226 9818942 14663
3227 9833605 12285
3228 9845890 3687
3229 9849577 1648
3230 9851225 9114
3231 9860339 1815
3232 9862154 724
3233 9862878 3243
3234 9866121 2868
3235 9868989 5831
3236 9874820 9630
3237 9884450 4055
3238 9888505 1146
3239 9889651 1797
3240 9891448 5512
3241 9896960 4609
3242 9901569 4555
3243 9906124 4406
3244 9910530 1870
3245 9912400 4382
3246 9916782 3687
3247 9920469 6176
3248 9926645 4203
3249 9930848 1117
3250 9931965 746
3251 9932711 8856
3252 9941567 3966
3253 9945533 7019
3254 9952552 1524
3255 9954076 2490
3256 9956566 1099
3257 9957665 1037
3258 9958702 1028
3259 9959730 5339
3260 9965069 11011
3261 9976080 759
3262 9976839 678
3263 9977517 4030
3264 9981547 10102
3265 9991649 1321
3266 9992970 3122
3267 9996092 864
3268 9996956 695
3269 9997651 639
3270 9998290 1000
3271 9999290 738
3272 10000028 1765
3273 10001793 12311
3274 10014104 4339
3275 10018443 11204
3276 10029647 3623
3277 10033270 5145
3278 10038415 7838
3279 10046253 5332
3280 10051585 11021
3281 10062606 1846
3282 10064452 3702
3283 10068154 7940
3284 10076094 492
3285 10076586 5227
3286 10081813 2508
3287 10084321 3095
3288 10087416 763
3289 10088179 885
3290 10089064 5686
3291 10094750 1498
3292 10096248 2632
3293 10098880 3680
3294 10102560 3284
3295 10105844 2100
3296 10107944 4840
3297 10112784 10156
3298 10122940 601
3299 10123541 3178
3300 10126719 3467
3301 10130186 5328
3302 10135514 3777
3303 10139291 6262
3304 10145553 9870
3305 10155423 2089
3306 10157512 1645
3307 10159157 3137
3308 10162294 5594
3309 10167888 3682
3310 10171570 1996
3311 10173566 4408
3312 10177974 1378
3313 10179352 9467
3314 10188819 4590
3315 10193409 2595
3316 10196004 3589
3317 10199593 1817
3318 10201410 1497
3319 10202907 1519
3320 10204426 4730
3321 10209156 2905
3322 10212061 8573
3323 10220634 7789
3324 10228423 5320
3325 10233743 3055
3326 10236798 7138
3327 10243936 1208
3328 10245144 2815
3329 10247959 2602
3330 10250561 1962
3331 10252523 2331
3332 10254854 538
3333 10255392 5895
3334 10261287 531
3335 10261818 2087
3336 10263905 5894
3337 10269799 2532
3338 10272331 3086
3339 10275417 8953
3340 10284370 3628
3341 10287998 3905
3342 10291903 3052
3343 10294955 8968
3344 10303923 4052
3345 10307975 3405
3346 10311380 3650
3347 10315030 1479
3348 10316509 4494
3349 10321003 1034
3350 10322037 1788
3351 10323825 5608
3352 10329433 2107
3353 10331540 1808
3354 10333348 15866
3355 10349214 2266
3356 10351480 2630
3357 10354110 5415
3358 10359525 3934
3359 10363459 13783
3360 10377242 3838
3361 10381080 1861
3362 10382941 3651
3363 10386592 6606
3364 10393198 577
3365 10393775 4702
3366 10398477 2722
3367 10401199 4755
3368 10405954 2170
3369 10408124 752
3370 10408876 226
3371 10409102 2826
3372 10411928 953
3373 10412881 1130
3374 10414011 15583
3375 10429594 6438
3376 10436032 13969
3377 10450001 742
3378 10450743 2775
3379 10453518 2057
3380 10455575 2614
3381 10458189 2790
3382 10460979 1783
3383 10462762 20069
3384 10482831 9044
3385 10491875 3577
3386 10495452 3559
3387 10499011 3400
3388 10502411 2108
3389 10504519 3367
3390 10507886 435
3391 10508321 2552
3392 10510873 13935
3393 10524808 1812
3394 10526620 4113
3395 10530733 2765
3396 10533498 2974
3397 10536472 934
3398 10537406 693
3399 10538099 20155
3400 10558254 3851
3401 10562105 235
3402 10562340 28641
3403 10590981 4219
3404 10595200 7406
3405 10602606 9336
3406 10611942 30317
3407 10642259 955
3408 10643214 621
3409 10643835 2329
3410 10646164 1619
3411 10647783 4970
3412 10652753 3320
3413 10656073 4053
3414 10660126 2505
3415 10662631 4596
3416 10667227 2008
3417 10669235 674
3418 10669909 426
3419 10670335 9924
3420 10680259 2305
3421 10682564 858
3422 10683422 30457
3423 10713879 3547
3424 10717426 936
3425 10718362 2590
3426 10720952 3128
3427 10724080 335
3428 10724415 7219
3429 10731634 5707
3430 10737341 1307
3431 10738648 2184
3432 10740832 2352
3433 10743184 2555
3434 10745739 1249
3435 10746988 3652
3436 10750640 2150
3437 10752790 2363
3438 10755153 22100
3439 10777253 857
3440 10778110 400
3441 10778510 1156
3442 10779666 3849
3443 10783515 1140
3444 10784655 3543
3445 10788198 3255
3446 10791453 1582
3447 10793035 1351
3448 10794386 2021
3449 10796407 2162
3450 10798569 1288
3451 10799857 1318
3452 10801175 3900
3453 10805075 557
3454 10805632 6475
3455 10812107 2579
3456 10814686 3677
3457 10818363 825
3458 10819188 1276
3459 10820464 2422
3460 10822886 694
3461 10823580 793
3462 10824373 5022
3463 10829395 1606
3464 10831001 3094
3465 10834095 1195
3466 10835290 600
3467 10835890 1586
3468 10837476 1657
3469 10839133 1583
3470 10840716 8837
3471 10849553 7800
3472 10857353 4452
3473 10861805 2943
3474 10864748 626
3475 10865374 7708
3476 10873082 4066
3477 10877148 12573
3478 10889721 4947
3479 10894668 2546
3480 10897214 3922
3481 10901136 16226
3482 10917362 6332
3483 10923694 2643
3484 10926337 322
3485 10926659 2372
3486 10929031 3879
3487 10932910 2841
3488 10935751 13584
3489 10949335 7955
3490 10957290 1932
3491 10959222 2803
3492 10962025 1954
3493 10963979 1872
3494 10965851 3494
3495 10969345 2239
3496 10971584 3081
3497 10974665 2014
3498 10976679 1852
3499 10978531 2214
3500 10980745 2960
3501 10983705 1953
3502 10985658 2238
3503 10987896 2213
3504 10990109 1851
3505 10991960 2013
3506 10993973 2627
3507 10996600 3344
3508 10999944 2191
3509 11002135 1934
3510 11004069 1797
3511 11005866 2109
3512 11007975 4525
3513 11012500 3921
3514 11016421 3823
3515 11020244 3030
3516 11023274 2475
3517 11025749 2590
3518 11028339 2355
3519 11030694 2396
3520 11033090 4525
3521 11037615 337
3522 11037952 5888
3523 11043840 3921
3524 11047761 3823
3525 11051584 9977
3526 11061561 2831
3527 11064392 983
3528 11065375 4447
3529 11069822 7195
3530 11077017 322
3531 11077339 3222
3532 11080561 2695
3533 11083256 2402
3534 11085658 2621
3535 11088279 3592
3536 11091871 4377
3537 11096248 2634
3538 11098882 5015
3539 11103897 2773
3540 11106670 8251
3541 11114921 2776
3542 11117697 6311
3543 11124008 2470
3544 11126478 1243
3545 11127721 17864
3546 11145585 9897
3547 11155482 2984
3548 11158466 3267
3549 11161733 5911
3550 11167644 3506
3551 11171150 1965
3552 11173115 3103
3553 11176218 4518
3554 11180736 4399
3555 11185135 3743
3556 11188878 3015
3557 11191893 24599
3558 11216492 11356
3559 11227848 16348
3560 11244196 30751
3561 11274947 3809
3562 11278756 431
3563 11279187 441
3564 11279628 457
3565 11280085 501
3566 11280586 471
3567 11281057 479
3568 11281536 503
3569 11282039 539
3570 11282578 487
3571 11283065 517
3572 11283582 493
3573 11284075 485
3574 11284560 501
3575 11285061 469
3576 11285530 537
3577 11286067 3772
3578 11289839 2440
3579 11292279 2065
3580 11294344 2535
3581 11296879 3461
3582 11300340 2487
3583 11302827 2542
3584 11305369 20291
3585 11325660 8422
3586 11334082 4395
3587 11338477 4499
3588 11342976 4168
3589 11347144 1558
3590 11348702 4510
3591 11353212 1388
3592 11354600 1206
3593 11355806 1504
3594 11357310 7452
3595 11364762 2204
3596 11366966 18051
3597 11385017 8904
3598 11393921 5701
3599 11399622 4049
3600 11403671 3586
3601 11407257 2078
3602 11409335 16398
3603 11425733 4485
3604 11430218 1178
3605 11431396 1952
3606 11433348 1378
3607 11434726 8201
3608 11442927 5197
3609 11448124 6869
3610 11454993 1954
3611 11456947 8230
3612 11465177 7587
3613 11472764 8531
3614 11481295 5003
3615 11486298 6770
3616 11493068 15117
3617 11508185 7567
3618 11515752 5107
3619 11520859 1395
3620 11522254 1596
3621 11523850 1372
3622 11525222 843
3623 11526065 6397
3624 11532462 2158
3625 11534620 8323
3626 11542943 4249
3627 11547192 1902
3628 11549094 5263
3629 11554357 5495
3630 11559852 9142
3631 11568994 4718
3632 11573712 9551
3633 11583263 3798
3634 11587061 1099
3635 11588160 1451
3636 11589611 1384
3637 11590995 9105
3638 11600100 322
3639 11600422 1754
3640 11602176 794
3641 11602970 1481
3642 11604451 12579
3643 11617030 8059
3644 11625089 4104
3645 11629193 5026
3646 11634219 4489
3647 11638708 8966
3648 11647674 2243
3649 11649917 5390
3650 11655307 2951
3651 11658258 3136
3652 11661394 1707
3653 11663101 8117
3654 11671218 3715
3655 11674933 14197
3656 11689130 3308
3657 11692438 3902
3658 11696340 11618
3659 11707958 955
3660 11708913 8029
3661 11716942 6291
3662 11723233 807
3663 11724040 5707
3664 11729747 15725
3665 11745472 941
3666 11746413 6090
3667 11752503 702
3668 11753205 5286
3669 11758491 8087
3670 11766578 1466
3671 11768044 4388
3672 11772432 726
3673 11773158 8938
3674 11782096 1385
3675 11783481 6372
3676 11789853 3600
3677 11793453 6877
3678 11800330 10199
3679 11810529 2195
3680 11812724 3692
3681 11816416 2353
3682 11818769 3725
3683 11822494 2964
3684 11825458 3791
3685 11829249 1639
3686 11830888 10156
3687 11841044 2161
3688 11843205 5004
3689 11848209 2437
3690 11850646 1531
3691 11852177 7975
3692 11860152 6812
3693 11866964 4470
3694 11871434 9635
3695 11881069 6430
3696 11887499 5755
3697 11893254 2895
3698 11896149 5700
3699 11901849 10468
3700 11912317 4333
3701 11916650 6183
3702 11922833 4657
3703 11927490 2294
3704 11929784 3449
3705 11933233 8924
3706 11942157 1825
3707 11943982 5760
3708 11949742 4067
3709 11953809 4072
3710 11957881 2630
3711 11960511 386
3712 11960897 1875
3713 11962772 7422
3714 11970194 4468
3715 11974662 2448
3716 11977110 1762
3717 11978872 3106
3718 11981978 3545
3719 11985523 2811
3720 11988334 5258
3721 11993592 1195
3722 11994787 1181
3723 11995968 3133
3724 11999101 7640
3725 12006741 7673
3726 12014414 1208
3727 12015622 6055
3728 12021677 1711
3729 12023388 2348
3730 12025736 4857
3731 12030593 1742
3732 12032335 3376
3733 12035711 1946
3734 12037657 1190
3735 12038847 2660
3736 12041507 689
3737 12042196 2819
3738 12045015 5229
3739 12050244 205
3740 12050449 1675
3741 12052124 2853
3742 12054977 1270
3743 12056247 1130
3744 12057377 1637
3745 12059014 1201
3746 12060215 1681
3747 12061896 843
3748 12062739 884
3749 12063623 3846
3750 12067469 849
3751 12068318 3133
3752 12071451 7864
3753 12079315 1525
3754 12080840 3180
3755 12084020 1177
3756 12085197 2718
3757 12087915 2370
3758 12090285 1365
3759 12091650 1048
3760 12092698 3091
3761 12095789 8372
3762 12104161 2075
3763 12106236 975
3764 12107211 1685
3765 12108896 1644
3766 12110540 933
3767 12111473 2446
3768 12113919 9665
3769 12123584 3978
3770 12127562 1313
3771 12128875 5535
3772 12134410 1258
3773 12135668 1974
3774 12137642 2682
3775 12140324 2438
3776 12142762 1234
3777 12143996 1157
3778 12145153 3187
3779 12148340 2614
3780 12150954 5262
3781 12156216 1935
3782 12158151 2590
3783 12160741 4795
3784 12165536 4748
3785 12170284 3108
3786 12173392 7715
3787 12181107 5833
3788 12186940 3549
3789 12190489 3364
3790 12193853 2386
3791 12196239 3515
3792 12199754 2195
3793 12201949 2060
3794 12204009 9209
3795 12213218 5430
3796 12218648 7546
3797 12226194 5462
3798 12231656 4880
3799 12236536 8288
3800 12244824 11973
3801 12256797 6353
3802 12263150 1454
3803 12264604 1879
3804 12266483 997
3805 12267480 5321
3806 12272801 2974
3807 12275775 692
3808 12276467 4212
3809 12280679 837
3810 12281516 3170
3811 12284686 755
3812 12285441 942
3813 12286383 4250
3814 12290633 3692
3815 12294325 1297
3816 12295622 1829
3817 12297451 1170
3818 12298621 1658
3819 12300279 2520
3820 12302799 4406
3821 12307205 4704
3822 12311909 1132
3823 12313041 2264
3824 12315305 978
3825 12316283 1994
3826 12318277 915
3827 12319192 1215
3828 12320407 1505
3829 12321912 576
3830 12322488 3987
3831 12326475 1470
3832 12327945 4833
3833 12332778 2504
3834 12335282 2088
3835 12337370 2510
3836 12339880 2261
3837 12342141 3506
3838 12345647 1694
3839 12347341 1144
3840 12348485 2628
3841 12351113 2047
3842 12353160 1917
3843 12355077 4312
3844 12359389 14618
3845 12374007 2144
3846 12376151 6607
3847 12382758 13750
3848 12396508 9081
3849 12405589 3725
3850 12409314 4626
3851 12413940 3659
3852 12417599 1710
3853 12419309 9115
3854 12428424 4006
3855 12432430 1911
3856 12434341 9783
3857 12444124 6506
3858 12450630 2472
3859 12453102 4548
3860 12457650 7570
3861 12465220 2105
3862 12467325 3724
3863 12471049 4332
3864 12475381 1105
